X error map: mm
              -1016.0     -762.0     -508.0     -254.0        0.0      254.0      508.0      762.0     1016.0
     508.0          0          0          0          0          0          0          0          0    -1.5875
     254.0    -1.5875          0          0          0          0          0          0          0    -1.5875
       0.0  -0.793750          0          0          0          0          0          0          0    -1.5875
    -254.0  -0.793750          0          0          0          0          0          0          0  -0.793750
    -508.0    -1.5875          0          0          0          0          0          0   0.793750          0

Y error map: mm
              -1016.0     -762.0     -508.0     -254.0        0.0      254.0      508.0      762.0     1016.0
     508.0  -0.793750    -1.5875  -3.175000  -3.175000    -4.7625  -3.175000  -3.175000    -1.5875          0
     254.0          0  -0.793750    -1.5875    -1.5875  -2.381250    -1.5875    -1.5875  -0.793750          0
       0.0          0          0          0          0          0          0          0          0          0
    -254.0    -1.5875  -0.793750    -1.5875    -1.5875    -1.5875    -1.5875  -0.793750  -0.793750   0.793750
    -508.0    -1.5875  -2.381250  -3.175000  -3.175000  -3.175000  -3.175000  -2.381250    -1.5875          0
