X error map:  in
              -1016.0     -762.0     -508.0     -254.0        0.0      254.0      508.0      762.0     1016.0
     508.0          0          0          0          0          0          0          0          0          0
     254.0          0          0          0          0          0          0          0          0          0
       0.0          0          0          0          0          0          0          0          0          0
    -254.0          0          0          0          0          0          0          0          0          0
    -508.0          0          0          0          0          0          0          0          0          0

Y error map:  mm
              -1016.0     -762.0     -508.0     -254.0        0.0      254.0      508.0      762.0     1016.0
     508.0          0          0          0          0          0          0          0          0          0
     254.0          0          0          0          0          0          0          0          0          0
       0.0          0          0          0          0          0          0          0          0          0
    -254.0          0          0          0          0          0          0          0          0          0
    -508.0          0          0          0          0          0          0          0          0          0
